41,5
41,4
41,3
41,1
40,5
40,4
40,3
40,1
39,24
39,23
39,22
39,21
39,20
39,19
39,18
39,17
39,16
39,15
39,14
39,13
39,12
39,11
39,10
39,9
39,8
39,7
39,6
39,5
39,4
39,3
39,2
39,1
39,0
37,5
37,2
37,0
30,5
30,4
30,3
30,2
30,1
30,0
29,5
29,4
29,3
29,2
29,1
29,0
37,3
37,1
37,4
28,5
28,4
28,3
28,2
28,1
28,0
27,4
27,3
27,2
27,1
27,0
26,5
26,4
26,3
26,2
26,1
26,0
25,31
25,30
25,29
25,28
25,27
25,1
15,7
15,6
15,4
15,3
15,1
2,7
2,6
1,3
1,1
2,1
2,5
2,3
0,9
0,0
0,530
45,34
45,33
45,32
45,31
45,30
45,29
45,28
45,27
45,26
45,25
45,24
45,23
45,22
45,21
45,20
45,19
45,18
45,17
45,16
45,15
45,14
45,13
45,12
45,11
45,10
45,9
45,8
45,7
45,6
45,5
45,4
45,3
45,2
45,0
0,308
0,307
0,304
0,303
0,12
